0 3.82782e-05
100 3.84073e-05
200 3.87946e-05
300 3.94479e-05
400 4.03804e-05
500 4.16115e-05
600 4.31669e-05
700 4.50798e-05
800 4.73924e-05
900 5.01568e-05
1000 5.34374e-05
1100 5.73132e-05
1200 6.18812e-05
1300 6.726e-05
1400 7.35952e-05
1500 8.10654e-05
1600 8.98908e-05
1700 0.000100343
1800 0.00011276
1900 0.000127561
2000 0.000145269
2100 0.00016654
2200 0.000192203
2300 0.000223303
2400 0.000261169
2500 0.000307498
2600 0.000364465
2700 0.000434872
2800 0.000522348
2900 0.000631613
3000 0.000768838
3100 0.000942131
3200 0.0011622
3300 0.00144325
3400 0.00180423
3500 0.00227058
3600 0.00287657
3700 0.00366862
3800 0.00471002
3900 0.00608744
4000 0.00792023
4100 0.0103737
4200 0.0136779
4300 0.018155
4400 0.0242585
4500 0.0326305
4600 0.0441848
4700 0.0602301
4800 0.0826504
4900 0.114174
5000 0.158773
5100 0.222269
5200 0.313234
5300 0.444374
5400 0.634623
5500 0.912367
5600 1.32041
5700 1.92368
5800 2.82122
5900 4.16501
6000 6.18963
6100 9.25919
6200 13.942
6300 21.13
6400 32.2299
6500 49.4708
6600 76.3989
6700 118.67
6800 185.311
6900 290.699
7000 457.562
7100 721.281
7200 1135.31
7300 1776.06
7400 2741.62
7500 4131.17
7600 5983.33
7700 8161
7800 10236.3
7900 11544.9
8000 11544.6
8100 10234.8
8200 8157.44
8300 5977.91
8400 4124.88
8500 2735.53
8600 1770.81
8700 1131.12
8800 718.105
8900 455.234
9000 289.03
9100 184.133
9200 117.846
9300 75.8264
9400 49.0745
9500 31.9559
9600 20.9407
9700 13.8111
9800 9.16854
9900 6.12672
10000 4.12123
10100 2.79066
10200 1.90228
10300 1.30537
10400 0.901749
10500 0.627097
10600 0.439017
10700 0.309404
10800 0.219518
10900 0.156788
11000 0.112734
11100 0.0816011
11200 0.0594617
11300 0.0436192
11400 0.032212
11500 0.0239473
11600 0.0179224
11700 0.0135031
11800 0.0102417
11900 0.00782005
12000 0.00601098
12100 0.00465137
12200 0.00362339
12300 0.0028415
12400 0.00224326
12500 0.00178283
12600 0.00142639
12700 0.00114886
12800 0.000931518
12900 0.000760353
13000 0.000624795
13100 0.000516842
13200 0.000430403
13300 0.000360821
13400 0.000304513
13500 0.000258713
13600 0.000221272
13700 0.000190517
13800 0.000165134
13900 0.000144092
14000 0.000126572
14100 0.000111927
14200 9.96384e-05
14300 8.92928e-05
14400 8.05569e-05
14500 7.31621e-05
14600 6.68908e-05
14700 6.15663e-05
14800 5.70448e-05
14900 5.3209e-05
15000 4.99633e-05
15100 4.72294e-05
15200 4.49439e-05
15300 4.30551e-05
15400 4.15216e-05
15500 4.03106e-05
15600 3.93968e-05
15700 3.87612e-05
15800 3.8391e-05
15900 3.82787e-05
16000 3.8422e-05
16100 3.88238e-05
16200 3.94922e-05
16300 4.04407e-05
16400 4.16891e-05
16500 4.32633e-05
16600 4.51973e-05
16700 4.75335e-05
16800 5.03247e-05
16900 5.36362e-05
17000 5.75477e-05
17100 6.21574e-05
17200 6.75852e-05
17300 7.39783e-05
17400 8.15176e-05
17500 9.04257e-05
17600 0.000100978
17700 0.000113515
17800 0.000128462
17900 0.000146349
18000 0.000167842
18100 0.000193777
18200 0.000225214
18300 0.000263502
18400 0.000310359
18500 0.000367992
18600 0.000439243
18700 0.000527794
18800 0.000638434
18900 0.000777429
19000 0.000953009
19100 0.00117605
19200 0.00146099
19300 0.00182709
19400 0.0023002
19500 0.00291517
19600 0.00371922
19700 0.00477676
19800 0.00617597
19900 0.00803839
20000 0.0105323
20100 0.0138922
20200 0.0184463
20300 0.0246568
20400 0.0331785
20500 0.0449436
20600 0.061287
20700 0.0841318
20800 0.116263
20900 0.161739
21000 0.226504
21100 0.31932
21200 0.453175
21300 0.647431
21400 0.931125
21500 1.34806
21600 1.96468
21700 2.8824
21800 4.2569
21900 6.32851
22000 9.47039
22100 14.2652
22200 21.6275
22300 33.0004
22400 50.6711
22500 78.2784
22600 121.627
22700 189.981
22800 298.091
22900 469.264
23000 739.732
23100 1164.12
23200 1820.18
23300 2806.86
23400 4222.1
23500 6098.21
23600 8284.36
23700 10335.5
23800 11582.2
23900 11503.1
24000 10133
24100 8033.73
24200 5864.04
24300 4035.41
24400 2671.64
24500 1727.75
24600 1103.06
24700 700.162
24800 443.868
24900 281.855
25000 179.603
25100 114.979
25200 74.005
25300 47.9116
25400 31.2095
25500 20.4588
25600 13.4982
25700 8.96406
25800 5.99228
25900 4.03228
26000 2.73143
26100 1.86259
26200 1.27861
26300 0.88359
26400 0.614697
26500 0.430495
26600 0.303511
26700 0.215416
26800 0.153915
26900 0.11071
27000 0.0801655
27100 0.0584373
27200 0.0428836
27300 0.0316805
27400 0.023561
27500 0.0176398
27600 0.0132951
27700 0.0100877
27800 0.00770529
27900 0.00592497
28000 0.00458651
28100 0.00357419
28200 0.00280395
28300 0.00221444
28400 0.00176058
28500 0.00140911
28600 0.00113536
28700 0.000920915
28800 0.000751977
28900 0.000618141
29000 0.000511527
29100 0.000426135
29200 0.000357375
29300 0.000301717
29400 0.000256432
29500 0.000219403
29600 0.000188977
29700 0.000163861
29800 0.000143033
29900 0.000125689
30000 0.000111187
30100 9.90164e-05
30200 8.87683e-05
30300 8.01134e-05
30400 7.27863e-05
30500 6.65718e-05
30600 6.12954e-05
30700 5.68148e-05
30800 5.30141e-05
30900 4.97987e-05
31000 4.70913e-05
31100 4.4829e-05
31200 4.29609e-05
31300 4.14462e-05
31400 4.02523e-05
31500 3.93543e-05
31600 3.87338e-05
31700 3.8378e-05
31800 3.82799e-05
31900 3.84375e-05
32000 3.88538e-05
32100 3.95373e-05
32200 4.0502e-05
32300 4.17677e-05
32400 4.33609e-05
32500 4.5316e-05
32600 4.7676e-05
32700 5.04943e-05
32800 5.38368e-05
32900 5.77844e-05
33000 6.24361e-05
33100 6.79134e-05
33200 7.4365e-05
33300 8.1974e-05
33400 9.09657e-05
33500 0.000101618
33600 0.000114278
33700 0.000129373
33800 0.000147441
33900 0.000169156
34000 0.000195367
34100 0.000227147
34200 0.000265861
34300 0.000313254
34400 0.000371561
34500 0.000443668
34600 0.000533307
34700 0.000645342
34800 0.000786131
34900 0.000964034
35000 0.0011901
35100 0.00147898
35200 0.00185028
35300 0.00233025
35400 0.00295434
35500 0.0037706
35600 0.00484453
35700 0.00626592
35800 0.00815848
35900 0.0106936
36000 0.0141102
36100 0.0187426
36200 0.0250622
36300 0.0337365
36400 0.0457163
36500 0.0623638
36600 0.0856415
36700 0.118393
36800 0.164763
36900 0.230824
37000 0.325531
37100 0.46216
37200 0.660511
37300 0.950287
37400 1.37631
37500 2.00659
37600 2.94497
37700 4.35091
37800 6.47063
37900 9.68661
38000 14.5962
38100 22.1372
38200 33.7901
38300 51.9014
38400 80.2055
38500 124.659
38600 194.771
38700 305.675
38800 481.266
38900 758.652
39000 1193.64
39100 1865.31
39200 2873.44
39300 4314.49
39400 6214.13
39500 8407.37
39600 10432.2
39700 11615.2
39800 11457.5
39900 10029.1
40000 7909.87
40100 5751.29
40200 3947.41
40300 2609.06
40400 1685.67
40500 1075.68
40600 682.666
40700 432.788
40800 274.862
40900 175.187
41000 112.184
41100 72.2286
41200 46.7772
41300 30.4811
41400 19.9884
41500 13.1926
41600 8.76432
41700 5.8609
41800 3.94532
41900 2.67352
42000 1.82377
42100 1.25242
42200 0.865815
42300 0.602554
42400 0.422147
42500 0.297736
42600 0.211396
42700 0.151099
42800 0.108724
42900 0.0787569
43000 0.0574317
43100 0.0421613
43200 0.0311585
43300 0.0231813
43400 0.017362
43500 0.0130906
43600 0.00993617
43700 0.00759238
43800 0.00584031
43900 0.00452265
44000 0.00352573
44100 0.00276696
44200 0.00218603
44300 0.00173864
44400 0.00139207
44500 0.00112204
44600 0.000910451
44700 0.000743708
44800 0.00061157
44900 0.000506277
45000 0.000421918
45100 0.00035397
45200 0.000298952
45300 0.000254177
45400 0.000217554
45500 0.000187454
45600 0.0001626
45700 0.000141986
45800 0.000124814
45900 0.000110454
46000 9.84003e-05
46100 8.82487e-05
46200 7.9674e-05
46300 7.24138e-05
46400 6.62557e-05
46500 6.10269e-05
46600 5.65869e-05
46700 5.2821e-05
46800 4.96357e-05
46900 4.69545e-05
47000 4.47154e-05
47100 4.28679e-05
47200 4.13717e-05
47300 4.01949e-05
47400 3.93127e-05
47500 3.87072e-05
47600 3.83659e-05
47700 3.8282e-05
47800 3.84537e-05
47900 3.88846e-05
48000 3.95834e-05
48100 4.05642e-05
48200 4.18473e-05
48300 4.34597e-05
48400 4.5436e-05
48500 4.78199e-05
48600 5.06655e-05
48700 5.40393e-05
48800 5.80232e-05
48900 6.27173e-05
49000 6.82445e-05
49100 7.47553e-05
49200 8.24347e-05
49300 9.15107e-05
49400 0.000102265
49500 0.000115047
49600 0.000130293
49700 0.000148544
49800 0.000170485
49900 0.000196974
50000 0.0002291
50100 0.000268247
50200 0.000316182
50300 0.000375173
50400 0.000448146
50500 0.00053889
50600 0.000652338
50700 0.000794947
50800 0.000975206
50900 0.00120433
51000 0.00149723
51100 0.0018738
51200 0.00236075
51300 0.00299411
51400 0.00382277
51500 0.00491338
51600 0.00635731
51700 0.00828053
51800 0.0108576
51900 0.0143318
52000 0.0190441
52100 0.0254748
52200 0.0343045
52300 0.0465032
52400 0.0634607
52500 0.0871801
52600 0.120565
52700 0.167847
52800 0.235232
52900 0.331869
53000 0.471332
53100 0.673869
53200 0.969863
53300 1.40518
53400 2.04943
53500 3.00896
53600 4.44708
53700 6.61608
53800 9.90796
53900 14.9351
54000 22.6594
54100 34.5993
54200 53.1626
54300 82.1815
54400 127.77
54500 199.685
54600 313.454
54700 493.578
54800 778.052
54900 1223.88
55000 1911.48
55100 2941.37
55200 4408.35
55300 6331.03
55400 8529.93
55500 10526.3
55600 11643.9
55700 11407.7
55800 9922.93
55900 7785.96
56000 5639.72
56100 3860.89
56200 2547.77
56300 1644.55
56400 1048.96
56500 665.605
56600 421.987
56700 268.045
56800 170.883
56900 109.459
57000 70.4961
57100 45.6705
57200 29.7703
57300 19.5293
57400 12.8942
57500 8.5692
57600 5.73252
57700 3.86032
57800 2.61688
57900 1.7858
58000 1.2268
58100 0.848415
58200 0.590663
58300 0.41397
58400 0.292076
58500 0.207455
58600 0.148337
58700 0.106776
58800 0.0773746
58900 0.0564446
59000 0.041452
59100 0.0306457
59200 0.0228082
59300 0.0170889
59400 0.0128895
59500 0.00978714
59600 0.00748127
59700 0.00575698
59800 0.00445977
59900 0.003478
60000 0.00273052
60100 0.00215804
60200 0.00171701
60300 0.00137526
60400 0.0011089
60500 0.000900125
60600 0.000735545
60700 0.000605082
60800 0.000501092
60900 0.000417752
61000 0.000350604
61100 0.000296219
61200 0.000251946
61300 0.000215725
61400 0.000185947
61500 0.000161353
61600 0.000140948
61700 0.000123949
61800 0.000109729
61900 9.77901e-05
62000 8.77339e-05
62100 7.92386e-05
62200 7.20448e-05
62300 6.59424e-05
62400 6.07609e-05
62500 5.63611e-05
62600 5.26297e-05
62700 4.94742e-05
62800 4.68191e-05
62900 4.4603e-05
63000 4.2776e-05
63100 4.12983e-05
63200 4.01384e-05
63300 3.9272e-05
63400 3.86814e-05
63500 3.83545e-05
63600 3.82848e-05
63700 3.84708e-05
63800 3.89163e-05
63900 3.96303e-05
64000 4.06273e-05
64100 4.19279e-05
64200 4.35595e-05
64300 4.55572e-05
64400 4.79653e-05
64500 5.08383e-05
64600 5.42437e-05
64700 5.82642e-05
64800 6.30011e-05
64900 6.85787e-05
65000 7.51491e-05
65100 8.28997e-05
65200 9.2061e-05
65300 0.000102918
65400 0.000115825
65500 0.000131222
65600 0.000149659
65700 0.000171828
65800 0.000198599
65900 0.000231075
66000 0.000270659
66100 0.000319143
66200 0.000378827
66300 0.000452678
66400 0.000544541
66500 0.000659424
66600 0.000803879
66700 0.000986527
66800 0.00121876
66900 0.00151573
67000 0.00189766
67100 0.00239169
67200 0.00303448
67300 0.00387574
67400 0.0049833
67500 0.00645016
67600 0.00840458
67700 0.0110244
67800 0.0145573
67900 0.0193509
68000 0.0258947
68100 0.0348829
68200 0.0473047
68300 0.0645783
68400 0.0887482
68500 0.122779
68600 0.170992
68700 0.239728
68800 0.338338
68900 0.480697
69000 0.687512
69100 0.989863
69200 1.43468
69300 2.09324
69400 3.07441
69500 4.54547
69600 6.76494
69700 10.1346
69800 15.2822
69900 23.1944
70000 35.4286
70100 54.4555
70200 84.2077
70300 130.96
70400 204.726
70500 321.435
70600 506.207
70700 797.943
70800 1254.86
70900 1958.71
71000 3010.66
71100 4503.67
71200 6448.87
71300 8651.93
71400 10617.6
71500 11668.3
71600 11354.1
71700 9814.79
71800 7662.11
71900 5529.36
72000 3775.84
72100 2487.75
72200 1604.38
72300 1022.89
72400 648.969
72500 411.458
72600 261.4
72700 166.686
72800 106.801
72900 68.8064
73000 44.5908
73100 29.0766
73200 19.081
73300 12.6028
73400 8.37859
73500 5.60706
73600 3.77723
73700 2.5615
73800 1.74865
73900 1.20172
74000 0.831381
74100 0.579019
74200 0.40596
74300 0.286531
74400 0.203591
74500 0.145628
74600 0.104865
74700 0.0760181
74800 0.0554756
74900 0.0407555
75000 0.0301419
75100 0.0224416
75200 0.0168204
75300 0.0126917
75400 0.00964054
75500 0.00737194
75600 0.00567495
75700 0.00439785
75800 0.00343098
75900 0.00269461
76000 0.00213045
76100 0.00169568
76200 0.00135868
76300 0.00109594
76400 0.000889934
76500 0.000727487
76600 0.000598675
76700 0.000495969
76800 0.000413635
76900 0.000347277
77000 0.000293518
77100 0.000249741
77200 0.000213915
77300 0.000184456
77400 0.000160118
77500 0.000139922
77600 0.000123091
77700 0.00010901
77800 9.71857e-05
77900 8.72239e-05
78000 7.88071e-05
78100 7.16791e-05
78200 6.5632e-05
78300 6.04972e-05
78400 5.61373e-05
78500 5.24402e-05
78600 4.93143e-05
78700 4.66851e-05
78800 4.44917e-05
78900 4.26851e-05
79000 4.12258e-05
79100 4.00827e-05
79200 3.92321e-05
79300 3.86564e-05
79400 3.83439e-05
79500 3.82884e-05
79600 3.84887e-05
79700 3.89488e-05
79800 3.9678e-05
79900 4.06913e-05
80000 4.20095e-05
80100 4.36604e-05
80200 4.56797e-05
80300 4.8112e-05
80400 5.10127e-05
80500 5.44499e-05
80600 5.85073e-05
80700 6.32875e-05
80800 6.89159e-05
80900 7.55466e-05
81000 8.3369e-05
81100 9.26164e-05
81200 0.000103577
81300 0.00011661
81400 0.00013216
81500 0.000150785
81600 0.000173184
81700 0.000200241
81800 0.000233072
81900 0.000273099
82000 0.000322139
82100 0.000382525
82200 0.000457266
82300 0.000550264
82400 0.0006666
82500 0.000812927
82600 0.000998001
82700 0.00123339
82800 0.0015345
82900 0.00192186
83000 0.00242309
83100 0.00307545
83200 0.00392952
83300 0.00505432
83400 0.00654451
83500 0.00853067
83600 0.0111939
83700 0.0147866
83800 0.019663
83900 0.026322
84000 0.0354717
84100 0.0481209
84200 0.0657169
84300 0.0903463
84400 0.125036
84500 0.1742
84600 0.244316
84700 0.34494
84800 0.490258
84900 0.701445
85000 1.0103
85100 1.46484
85200 2.13802
85300 3.14134
85400 4.64614
85500 6.91729
85600 10.3666
85700 15.6377
85800 23.7424
85900 36.2785
86000 55.7808
86100 86.2853
86200 134.232
86300 209.897
86400 329.622
86500 519.16
86600 818.337
86700 1286.6
86800 2007.01
86900 3081.33
87000 4600.43
87100 6567.59
87200 8773.26
87300 10706
87400 11688.3
87500 11296.5
87600 9704.76
87700 7538.4
87800 5420.24
87900 3692.27
88000 2428.99
88100 1565.14
88200 997.455
88300 632.747
88400 401.195
88500 254.922
88600 162.595
88700 104.21
88800 67.1585
88900 43.5375
89000 28.3997
89100 18.6434
89200 12.3182
89300 8.19239
89400 5.48447
89500 3.696
89600 2.50734
89700 1.71231
89800 1.17718
89900 0.814706
90000 0.567616
90100 0.398112
90200 0.281096
90300 0.199804
90400 0.142972
90500 0.102991
90600 0.0746869
90700 0.0545244
90800 0.0400715
90900 0.029647
91000 0.0220814
91100 0.0165565
91200 0.0124972
91300 0.00949633
91400 0.00726436
91500 0.0055942
91600 0.00433689
91700 0.00338467
91800 0.00265922
91900 0.00210325
92000 0.00167466
92100 0.00134233
92200 0.00108316
92300 0.000879876
92400 0.000719532
92500 0.000592348
92600 0.00049091
92700 0.000409566
92800 0.000343989
92900 0.000290846
93000 0.000247559
93100 0.000212126
93200 0.00018298
93300 0.000158896
93400 0.000138905
93500 0.000122242
93600 0.000108298
93700 9.6587e-05
93800 8.67187e-05
93900 7.83797e-05
94000 7.13167e-05
94100 6.53244e-05
94200 6.0236e-05
94300 5.59156e-05
94400 5.22524e-05
94500 4.91559e-05
94600 4.65524e-05
94700 4.43817e-05
94800 4.25953e-05
94900 4.11543e-05
95000 4.0028e-05
95100 3.91931e-05
95200 3.86322e-05
95300 3.83341e-05
95400 3.82928e-05
95500 3.85074e-05
95600 3.89821e-05
95700 3.97267e-05
95800 4.07563e-05
95900 4.20921e-05
96000 4.37625e-05
96100 4.58035e-05
96200 4.82602e-05
96300 5.11888e-05
96400 5.46581e-05
96500 5.87528e-05
96600 6.35765e-05
96700 6.92562e-05
96800 7.59478e-05
96900 8.38427e-05
97000 9.31771e-05
97100 0.000104243
97200 0.000117403
97300 0.000133108
97400 0.000151922
97500 0.000174555
97600 0.000201901
97700 0.000235091
97800 0.000275567
97900 0.00032517
98000 0.000386267
98100 0.00046191
98200 0.000556057
98300 0.000673868
98400 0.000822095
98500 0.00100963
98600 0.00124823
98700 0.00155352
98800 0.00194641
98900 0.00245495
99000 0.00311704
99100 0.00398413
99200 0.00512646
99300 0.00664037
99400 0.00865882
99500 0.0113662
99600 0.0150199
99700 0.0199805
99800 0.026757
99900 0.0360711
100000 0.0489523
